n 0.0017677452690047148 0.3588792739417367 0.39818982991351537 0.41643883527036935 0.4351150422470013 0.43218885506826216 0.42735911642287744 0.4385072305449992 0.4478000695344866 0.4518035517269897 0.45722954958392936 0.4622383910512157 0.4552705640741464 0.4875972350480019 0.47619399379298644 0.47801495933957805 0.4794491598485511 0.4955829824710298 0.4875215996343867 0.48546704098887483
a 0.0 0.0 0.0 0.0 0.05332634219181115 0.036217981288403825 0.3071150716891923 0.3496878694308053 0.368750776096905 0.3704217225754825 0.3843126899114638 0.3915421529430875 0.39827847863538035 0.3990980536614749 0.3956069338370648 0.39787954720216323 0.40776191856890664 0.4150482440358173 0.4040168177642888 0.4214859138461159
l 0.0 0.0 0.0 0.0 0.0 0.0 0.0 0.0 0.0 0.0 0.0 0.0 0.0 0.0 0.0 0.0 0.0 0.0 0.0 0.0
b 0.0
j 0.0 0.0 0.0 0.0 0.0 0.0 0.0 0.0 0.0 0.006601320000894559 0.01628787878787879 0.049703014427677335 0.25569537742809345 0.10774648253248593 0.37434096890803653 0.3778108704352646 0.3904818599700402 0.37624918738828633 0.3817408049941537 0.38775089877369007
s 0.0 0.0 0.0 0.0 0.0 0.0 0.0 0.0002567394094993581 0.035182053923163106 0.0044931631538177395 0.04127612368642031 0.26237285452389864 0.1200906448183654 0.3607033452588703 0.3775216942711883 0.37601932687913564 0.377528314917763 0.38270424768814404 0.39489053043406347 0.4139269798794801
h 0.0 0.0 0.0 0.0 0.0 0.0 0.0 0.0 0.0 0.0 0.0 0.0 0.0 0.0 0.0 0.0 0.0 0.0 0.0 0.0
m 0.0 0.0 0.0 0.0 0.0 0.0 0.0 0.0 0.0 0.0 0.0012706480304955528 0.03354604160504781 0.0025188916876574307 0.1141156918145317 0.164748421563989 0.27552979681050005 0.31758015400407635 0.34189500626540814 0.3700126418267722 0.36376900053054834
r 0.0 0.0 0.0 0.0 0.0 0.0 0.0 0.0 0.0 0.018139074226368325 0.0 0.2115145554105322 0.3108591074439402 0.35991903244295925 0.3805945832798418 0.36361644785900077 0.36581819883122896 0.3765204004062734 0.375245504217408 0.3797171721642823
d 0.0 0.0 0.0 0.0 0.0 0.0 0.0 0.0 0.0 0.0 0.0 0.0 0.0 0.012643678160919542 0.0928276239610108 0.036745193836843694 0.21991378236066667 0.2714919479287267 0.3699853583024927 0.3783617990970195
c 0.0 0.0 0.0 0.0 0.0 0.0 0.0 0.0 0.0 0.0 0.0 0.0 0.0 0.0 0.0 0.0 0.0 0.0 0.0 0.0
g 0.0 0.0 0.0 0.0 0.0 0.0 0.0 0.0 0.0 0.0 0.0 0.0 0.0 0.0 0.0 0.0 0.0 0.0 0.0 0.0
