n 0.11690599943029664 0.35890739423159773 0.38011213305644753 0.4183545183821641 0.4224049307880155 0.4291779517543012 0.4272335149185875 0.44299289051795254 0.44899522943099257 0.44938360435995717 0.46193586197268627 0.46417366382778324 0.46620050187154255 0.47786001922980165 0.47887589218940396 0.4815362270257705 0.4899272581818295 0.49094166791184135 0.4893037334680745 0.49135860178178936
a 0.0 0.0 0.0 0.0 0.19347415723554623 0.1364646430207829 0.3480610634756271 0.36011469606547875 0.3723881104312278 0.37242465333086033 0.3941317117331515 0.3969520495001486 0.39953854280071754 0.40751859401148993 0.404955937425286 0.39062715528961867 0.4104593736738281 0.41440746642945686 0.42226811772634604 0.41702011622585167
l 0.0 0.0 0.0 0.0 0.0 0.0 0.0 0.0 0.0 0.0 0.0 0.0 0.0 0.0 0.0 0.0 0.0 0.0 0.0 0.0
b 0.0
j 0.0 0.0 0.0 0.0 0.0 0.0 0.0 0.0 0.0 0.05860214732182911 0.1401894969843475 0.11655570984245436 0.2852250088641855 0.1335356055982892 0.39509182420337596 0.40877444528149354 0.3960604861708302 0.39334873230477135 0.38927977937412594 0.3987402462501839
s 0.0 0.0 0.0 0.0 0.0 0.0 0.0 0.0005128205128205128 0.11726931937471671 0.13513319344456387 0.06607449183398922 0.23318938452763058 0.265290311675204 0.3776512476606835 0.39598203040775026 0.4004534008607993 0.3993953149388051 0.3963834196570528 0.41144487980289196 0.4231887630048359
h 0.0 0.0 0.0 0.0 0.0 0.0 0.0 0.0 0.0 0.0 0.0 0.0 0.0 0.0 0.0 0.0 0.0 0.0 0.0 0.0
m 0.0 0.0 0.0 0.0 0.0 0.0 0.0 0.0 0.0 0.0 0.0 0.017460445082555637 0.0 0.15919377717613012 0.19828789254521675 0.3031353016513707 0.3660965513629149 0.36741394595542937 0.36640578369669863 0.38640508678104435
r 0.0 0.0 0.0 0.0 0.0 0.0 0.0 0.0 0.0 0.05246276167639391 0.021883289124668436 0.2201275548490147 0.3633078394062764 0.3489278328941115 0.38106093638965677 0.376690384905221 0.3582519092333055 0.35959123937248894 0.3862149099337898 0.38005439911857886
d 0.0 0.0 0.0 0.0 0.0 0.0 0.0 0.0 0.0 0.0 0.0 0.0005128205128205128 0.0 0.036196017691028384 0.25609224408547104 0.06937602681902665 0.326370833163162 0.3150242153812204 0.37131861037485914 0.39095612765505033
c 0.0 0.0 0.0 0.0 0.0 0.0 0.0 0.0 0.0 0.0 0.0 0.0 0.0 0.0 0.0 0.0 0.0 0.0 0.0 0.0
g 0.0 0.0 0.0 0.0 0.0 0.0 0.0 0.0 0.0 0.0 0.0 0.0 0.0 0.0 0.0 0.0 0.0 0.0 0.0 0.0
