n 0.4077543781749512 0.5061120435466582 0.5197957403409605 0.5423809479622983 0.5575470335567123 0.553418124044521 0.5610164694258896 0.5830045156109915 0.5787367881227065 0.5864577279491814 0.596734342198735 0.6090784412193402 0.6030855359692179 0.6038426739052153 0.603446902773056 0.6191831509587664 0.6168941743963282 0.6264810436839265 0.6290322611840173 0.6233538898723328
p 0.0 0.0 0.0 0.0 0.0 0.0 0.0 0.025060002974862418 0.019530045579206824 0.018978563543780934 0.07345399220314656 0.2108636849243858 0.1556928975383598 0.263250543893362 0.2658396317612869 0.30010329463733676 0.32413171715190503 0.33678470916352965 0.3460683147622713 0.3337053402254825
a 0.0 0.0028755575296578024 0.28350615157535336 0.3688758758315479 0.40268149615544824 0.42565515456987546 0.4199948705573596 0.4475108649132481 0.4731160489275979 0.47448969005622205 0.48222459861153044 0.48344475231328604 0.4872092279288604 0.5079035020635427 0.49974624834640097 0.516730682817591 0.5103677046198741 0.5211788599868682 0.5283493144693541 0.5330820428131653
l 0.0 0.0 0.0 0.0 0.0 0.0 0.0 0.0 0.0 0.0 0.005404152762328513 0.0 0.0060377358490566035 0.0 0.005404366417468434 0.06219235894425716 0.16884691456732442 0.2687732126322443 0.3073607030684903 0.2808376917379761
b 0.0 0.0 0.0 0.003993702608919162 0.035893076731878006 0.2978866642627708 0.3420738094865687 0.4200908346280003 0.4110079749378815 0.41241541580125113 0.4352306915046363 0.45825767745200785 0.45295728271999086 0.4170564394760544 0.44534102526164027 0.4461333639275889 0.44531315503282604 0.4608264879835279 0.47459082915815365 0.477523969579586
v 0.0 0.0 0.0 0.0 0.0 0.0 0.0 0.0 0.0 0.0 0.02458429425314697 0.009451487385465045 0.04304299341180758 0.01350233648348039 0.04120612534009236 0.2125861031887583 0.19650947727872156 0.18718542543061367 0.21541623879284494 0.2584604104133462
j 0.0 0.0 0.0 0.0 0.0 0.0 0.0 0.0 0.0023715415019762843 0.0 0.0 0.2451687872823028 0.25805395022366906 0.3005135603145763 0.2956109222569623 0.3901218369767063 0.4374720517781701 0.4371591103554121 0.4448941595758658 0.45675753780427597
s 0.0 0.0 0.03223728533653826 0.30465241342649996 0.4154169391542143 0.4476266497940811 0.4897907612828437 0.48379674255232696 0.4911470191282077 0.5070293633447567 0.514521348069097 0.5120689692195171 0.5159170988154622 0.5370076971840002 0.5251632026285628 0.5420061435790002 0.5312591265320331 0.5306474929343328 0.5341140494389751 0.5358526967150985
m 0.0 0.0 0.0 0.0 0.0 0.0 0.0 0.0 0.0 0.0 0.0 0.0 0.008333333333333333 0.0 0.04062892922906619 0.07555369699030112 0.16092093368889906 0.31704999304727954 0.3517347066489424 0.24008319297689878
r 0.0 0.04985663829604961 0.35008489032508805 0.4226039655593513 0.42580996762021195 0.4546864413770619 0.4753187437614355 0.49135169534265355 0.48562155295651416 0.5080058255110962 0.5221753950720432 0.5329055999511956 0.5320744121496721 0.5456828497764782 0.5347864799404591 0.5327921867120007 0.54098790288281 0.5478449620733453 0.560175228992875 0.5539042977858658
d 0.0 0.08155713351424335 0.4278660099427232 0.44145575812823107 0.4807456330760441 0.47317523430520925 0.4849690592534908 0.4954164329812117 0.49606507984948206 0.5037195928571652 0.5205790415364833 0.517512651018959 0.5276193262674357 0.517337881876219 0.541912603902106 0.5422417695682161 0.5471675946079102 0.5601785978555269 0.5522981041927448 0.5478809636235936
c 0.0 0.0 0.0008064516129032259 0.0 0.08263839570775364 0.17390491237032668 0.3316598872914765 0.34258371054813946 0.4251046294662958 0.40884678125667306 0.45881387108465316 0.48300349511630564 0.49184462844811455 0.4926075590911597 0.4845332352941278 0.4921113641371907 0.4843706034861775 0.5044418897970138 0.4985675664753841 0.5063915872064203
g 0.0 0.0 0.05339646325350863 0.4086213495146634 0.43523218212904935 0.46275784301458545 0.4663116110239314 0.4905185473823394 0.49274309545732714 0.5094927148625508 0.5119826980491459 0.520833641354925 0.5276640480280423 0.5260839440827827 0.5376701246490934 0.5398759817854074 0.5418910656338817 0.5369759111512519 0.5492157767866833 0.5437154125869135
