n 0.42883177654406285 0.49857304718128737 0.5169714901055166 0.5429552323242802 0.5580298276830161 0.5725635351252295 0.5614733707549886 0.5768154207434932 0.5842842114091322 0.5793184072767518 0.5925155031108759 0.5905929505259682 0.6064858254858128 0.6047487326576143 0.6120623398593247 0.6199715508470497 0.6221815331258183 0.6211629595860257 0.6328691347680714 0.632483124860848
p 0.0 0.0 0.0 0.0 0.0 0.0 0.0 0.030809880061750384 0.04942744442345677 0.022063492063492063 0.11216513908941841 0.22147701619281804 0.15896123252451352 0.2240481804310838 0.29475325541988945 0.3165510228604246 0.3274799179968559 0.3147709081341692 0.339940804352334 0.3345858093812829
a 0.0 0.007796305843784356 0.21010548242315719 0.34343230798002766 0.41039237919604227 0.42160369253997354 0.4165957458830215 0.4385461826748994 0.4662204588539483 0.47408472410776004 0.4814791690329125 0.4653032106078247 0.48004622267213265 0.4917078086424619 0.4927267332596995 0.5154881245555365 0.5117224650707416 0.5163741112960152 0.5239331088929701 0.5305925967164625
l 0.0 0.0 0.0 0.0 0.0 0.0 0.0 0.0 0.0 0.0 0.009963518194917073 0.047562228452277235 0.012176015040959757 0.05272622534907841 0.09037229648486336 0.23445227714038763 0.2867579963306329 0.3360279939948194 0.32011137983323285 0.35179544239553584
b 0.0 0.0 0.0071747055811571935 0.013874265390005771 0.08064981611892523 0.3429298527685337 0.36858739156990633 0.41536752110253194 0.40929665451513486 0.41164439400961406 0.425145808060232 0.4288159439963744 0.43830248231299684 0.43238123301463816 0.4399898038001808 0.41006120112135996 0.44612243577692023 0.47696269041560263 0.47502766738008717 0.48600734096679127
v 0.0 0.0 0.0 0.0 0.0 0.0 0.0 0.0 0.0 0.0 0.035037142210424504 0.02832358907051664 0.07584512599746716 0.04168180442022404 0.11766756570222306 0.12141454144102701 0.14271124750499412 0.15024574635458382 0.20729070258865176 0.24671087831345612
j 0.0 0.0 0.0 0.0 0.0 0.0 0.0 0.0 0.006936719812136944 0.0 0.01299638989169675 0.2939277748498207 0.31233879194712905 0.30046592294950736 0.2959752898827423 0.4399113209966936 0.4390202786877088 0.42868624630107943 0.45614264935208715 0.45067944143316396
s 0.0 0.0 0.062395868552578615 0.3223241504024921 0.41330932755267474 0.43204254781700957 0.46878645474207836 0.4543336145073928 0.4814281050625566 0.5073004817106145 0.5016374490176683 0.5100897639615759 0.5183169673164499 0.5305848883690388 0.5310053310496912 0.5219418701501382 0.5279156687505049 0.5229777849708833 0.5285379250179874 0.5282935628577594
m 0.0 0.0 0.0 0.0 0.0 0.0 0.0 0.0 0.0 0.0 0.0 0.0 0.041041493639453995 0.06448940607693068 0.0895118841689164 0.0897922523907071 0.28562521534638685 0.34656660648554827 0.2932581266514916 0.2708294796984702
r 0.0 0.10478363915929734 0.3116837276953529 0.4214618472864486 0.418280697372393 0.46035596770746023 0.47216030081470206 0.484059540589585 0.48678543807333946 0.508837052363194 0.5246937780179317 0.5311714791829689 0.5345168979330339 0.5314600592003819 0.532695730052861 0.5150136111997732 0.532050355169156 0.5455408879364982 0.5477871772156172 0.546517332852735
d 0.0 0.1837180643304901 0.42729110102188483 0.4379890528802598 0.487807978523939 0.4683925948869577 0.4997821950392371 0.47324805002601533 0.4888633029442083 0.4993362330008259 0.5027863899021323 0.522296784096629 0.5274706662084775 0.517694827700053 0.5398851728807099 0.5420264138120183 0.5476218575480969 0.5530915762949089 0.5473023248417197 0.5393647333385998
c 0.0 0.0 0.010796946564885496 0.0008064516129032259 0.08837874038125945 0.19232382023101588 0.32153252721277015 0.3633783211577817 0.3948296858802606 0.40084945638945363 0.4244053125101465 0.46331415072178866 0.4666566293958122 0.4883401902821447 0.47697452209292274 0.48589940363136386 0.4791423978194226 0.48037669805777095 0.4945030332131184 0.5053858148752945
g 0.0 0.0 0.10369058727766187 0.4019059971264981 0.42368652963599757 0.4428629815104522 0.4515136000398862 0.4792841454599289 0.48290756491657233 0.5066423377019038 0.5204510719780108 0.5131627579131055 0.5241599139065541 0.5238258733027115 0.5386125153049158 0.5479204200932088 0.5288347866773907 0.5370499027427298 0.5532455665182734 0.5433649440637617
